 Random Number 1:44.059067278448445
 Random Number 2:69.04039117123364
Addition :113.09945844968209
Subraction:-24.98132389278519
Multiplication:3041.855239543781
Division:0.6381636391539753
Modulus:44.059067278448445
